		precision    recall  f1-score   support

           0       0.65      0.74      0.69       405
           1       0.85      0.84      0.85       396
           2       0.91      0.94      0.92       392
           3       0.93      0.94      0.94       377
           4       0.91      0.94      0.92       378
           5       0.95      0.94      0.95       380
           6       0.92      0.94      0.93       381
           7       0.95      0.94      0.94       374
           8       0.96      0.93      0.95       367
           9       0.95      0.92      0.93       377
          10       0.83      0.94      0.88       656
          11       0.85      0.89      0.87       412
          12       0.75      0.65      0.70       465
          13       0.88      0.88      0.88       462
          14       0.72      0.92      0.81       589
          15       0.92      0.84      0.88       398
          16       0.87      0.86      0.87       426
          17       0.87      0.89      0.88       453
          18       0.67      0.70      0.69       532
          19       0.89      0.88      0.88       387
          20       0.89      0.90      0.90       398
          21       0.85      0.91      0.88       464
          22       0.90      0.88      0.89       437
          23       0.87      0.89      0.88       537
          24       0.59      0.61      0.60       545
          25       0.84      0.83      0.84       440
          26       0.87      0.91      0.89       367
          27       0.87      0.87      0.87       557
          28       0.71      0.71      0.71       532
          29       0.89      0.84      0.86       523
          30       0.79      0.84      0.81       408
          31       0.75      0.61      0.67       396
          32       0.79      0.64      0.70       390
          33       0.74      0.72      0.73       382
          34       0.88      0.87      0.88       389
          35       0.73      0.71      0.72       373
          36       0.81      0.82      0.81       456
          37       0.88      0.87      0.87       370
          38       0.67      0.79      0.73       387
          39       0.90      0.87      0.89       389
          40       0.90      0.78      0.84       482
          41       0.89      0.88      0.89       371
          42       0.85      0.83      0.84       374
          43       0.92      0.84      0.88       383
          44       0.87      0.85      0.86       437
          45       0.92      0.86      0.89       366
          46       0.92      0.89      0.90       370
          47       0.66      0.69      0.68       402
          48       0.87      0.92      0.90       382
          49       0.84      0.83      0.84       435
          50       0.63      0.52      0.57       439
          51       0.85      0.81      0.83       378
          52       0.91      0.82      0.87       372
          53       0.84      0.81      0.83       434
          54       0.64      0.67      0.65       416
          55       0.85      0.84      0.85       423
          56       0.81      0.81      0.81       379
          57       0.67      0.71      0.69       368
          58       0.70      0.78      0.74       369
          59       0.68      0.70      0.69       368
          60       0.85      0.86      0.85       378
          61       0.71      0.69      0.70       366

    accuracy                           0.82     26039
   macro avg       0.83      0.82      0.82     26039
weighted avg       0.82      0.82      0.82     26039