  		precision    recall  f1-score   support

           0       0.64      0.75      0.69       183
           1       0.86      0.92      0.89       179
           2       0.98      0.97      0.97       179
           3       0.96      0.99      0.97       172
           4       0.99      0.96      0.98       171
           5       0.99      0.98      0.99       172
           6       0.97      0.99      0.98       173
           7       0.98      0.98      0.98       170
           8       0.99      0.98      0.98       167
           9       0.95      0.94      0.94       171
          10       0.94      0.94      0.94       299
          11       0.95      0.96      0.96       188
          12       0.75      0.86      0.80       212
          13       0.90      0.95      0.92       209
          14       0.92      0.97      0.95       267
          15       0.91      0.94      0.93       181
          16       0.93      0.93      0.93       194
          17       0.95      0.92      0.93       207
          18       0.84      0.77      0.81       241
          19       0.94      0.95      0.94       176
          20       0.90      0.97      0.93       181
          21       0.94      0.93      0.94       211
          22       0.91      0.96      0.94       199
          23       0.96      0.94      0.95       244
          24       0.67      0.52      0.59       248
          25       0.92      0.88      0.90       200
          26       0.92      0.94      0.93       167
          27       0.95      0.96      0.96       253
          28       0.76      0.65      0.70       242
          29       0.95      0.94      0.95       238
          30       0.87      0.93      0.90       185
          31       0.67      0.88      0.76       179
          32       0.84      0.68      0.75       178
          33       0.67      0.83      0.74       174
          34       0.94      0.98      0.96       176
          35       0.75      0.74      0.74       170
          36       0.92      0.91      0.92       208
          37       0.98      0.95      0.96       169
          38       0.81      0.67      0.73       177
          39       0.93      0.93      0.93       177
          40       0.96      0.90      0.93       220
          41       0.95      0.94      0.94       169
          42       0.92      0.89      0.90       171
          43       0.96      0.91      0.93       173
          44       0.95      0.90      0.92       198
          45       0.97      0.93      0.95       166
          46       0.96      0.92      0.94       169
          47       0.75      0.75      0.75       182
          48       0.89      0.97      0.93       173
          49       0.91      0.92      0.91       198
          50       0.59      0.67      0.62       200
          51       0.92      0.87      0.89       172
          52       0.92      0.93      0.93       168
          53       0.94      0.91      0.93       198
          54       0.62      0.78      0.69       188
          55       0.92      0.94      0.93       192
          56       0.94      0.85      0.89       172
          57       0.79      0.54      0.64       167
          58       0.74      0.85      0.79       168
          59       0.75      0.57      0.64       168
          60       0.95      0.92      0.94       171
          61       0.74      0.77      0.76       166

    accuracy                           0.88     11836
   macro avg       0.88      0.88      0.88     11836
weighted avg       0.88      0.88      0.88     11836