   		precision    recall  f1-score   support

           0       0.68      0.73      0.71       404
           1       0.94      0.77      0.85       395
           2       0.98      0.96      0.97       392
           3       0.98      0.98      0.98       377
           4       0.99      0.98      0.98       377
           5       0.98      0.97      0.98       380
           6       0.98      0.99      0.99       381
           7       0.97      0.99      0.98       374
           8       0.97      0.98      0.97       367
           9       0.95      0.96      0.96       378
          10       0.95      0.93      0.94       657
          11       0.94      0.95      0.95       413
          12       0.70      0.84      0.76       465
          13       0.94      0.92      0.93       461
          14       0.90      0.96      0.93       589
          15       0.94      0.92      0.93       398
          16       0.93      0.93      0.93       426
          17       0.91      0.94      0.93       454
          18       0.80      0.81      0.81       531
          19       0.95      0.93      0.94       387
          20       0.95      0.93      0.94       397
          21       0.91      0.94      0.93       463
          22       0.89      0.96      0.92       437
          23       0.90      0.95      0.92       537
          24       0.64      0.68      0.66       546
          25       0.92      0.90      0.91       440
          26       0.91      0.96      0.94       368
          27       0.93      0.95      0.94       556
          28       0.73      0.82      0.77       532
          29       0.92      0.93      0.93       523
          30       0.92      0.92      0.92       408
          31       0.71      0.78      0.74       395
          32       0.68      0.86      0.76       390
          33       0.70      0.82      0.76       382
          34       0.92      0.95      0.93       389
          35       0.77      0.74      0.75       374
          36       0.92      0.93      0.92       457
          37       0.95      0.94      0.94       371
          38       0.76      0.61      0.68       387
          39       0.92      0.95      0.93       390
          40       0.96      0.89      0.92       482
          41       0.94      0.94      0.94       371
          42       0.94      0.85      0.90       375
          43       0.97      0.90      0.93       383
          44       0.93      0.91      0.92       437
          45       0.95      0.93      0.94       366
          46       0.88      0.93      0.91       370
          47       0.70      0.77      0.74       402
          48       0.98      0.89      0.93       382
          49       0.91      0.89      0.90       435
          50       0.65      0.58      0.61       438
          51       0.92      0.88      0.90       377
          52       0.92      0.89      0.91       372
          53       0.93      0.91      0.92       434
          54       0.74      0.62      0.67       416
          55       0.93      0.90      0.91       423
          56       0.91      0.91      0.91       379
          57       0.74      0.66      0.70       368
          58       0.82      0.61      0.70       369
          59       0.78      0.64      0.70       368
          60       0.89      0.94      0.91       378
          61       0.71      0.77      0.74       366

    accuracy                           0.88     26039
   macro avg       0.88      0.87      0.87     26039
weighted avg       0.88      0.88      0.87     26039